0 0.448608 0.49889 0.88238 0.997779 0.986123
0 0.498396 0.499819 0.984448 0.997907 0.987032
0 0.398373 0.545331 0.795397 0.908585 0.98151
0 0.57105 0.541943 0.856258 0.914383 0.854912
0 0.429723 0.498865 0.855482 0.99773 0.985613
0 0.501729 0.499723 0.981552 0.999049 0.99075
0 0.636935 0.499062 0.71555 0.998125 0.285373
0 0.451849 0.498639 0.888182 0.997278 0.977997
0 0.43783 0.52138 0.87566 0.95724 0.984425
0 0.429403 0.49909 0.854404 0.99818 0.982494
0 0.499372 0.500263 0.998744 0.999427 0.992849
0 0.500073 0.463815 0.999855 0.924858 0.967938
0 0.5 0.500602 1 0.998696 0.990706
0 0.500196 0.500212 0.997781 0.999197 0.993333
0 0.5 0.500049 1 0.999413 0.992595
0 0.428838 0.5 0.853556 1 0.983471
0 0.616065 0.499937 0.75927 0.999873 0.567755
0 0.443836 0.499581 0.872691 0.999162 0.777518
0 0.59782 0.498962 0.79277 0.997925 0.312009
0 0.498215 0.511862 0.991185 0.974332 0.990492
0 0.448553 0.499117 0.882353 0.998235 0.959096
0 0.498417 0.512013 0.98682 0.974568 0.985955
0 0.499969 0.499984 0.999938 0.999411 0.990764
0 0.503318 0.499874 0.97919 0.998797 0.990005
0 0.444453 0.499683 0.875284 0.999366 0.974725
0 0.446021 0.5 0.881842 1 0.985398
0 0.5 0.500262 1 0.999242 0.990104
0 0.500453 0.49961 0.999094 0.99802 0.461126
0 0.451592 0.5 0.884883 1 0.978311
0 0.500011 0.500223 0.999977 0.999387 0.990947
0 0.450509 0.499279 0.863605 0.998559 0.968237
0 0.612904 0.5 0.767379 1 0.548131
0 0.500108 0.500153 0.999785 0.999259 0.962754
0 0.5 0.500104 1 0.999055 0.9927
0 0.5 0.500182 1 0.999614 0.9924
0 0.5 0.501402 1 0.995639 0.973244
